[gd_scene load_steps=3 format=2]

[ext_resource path="res://mesh/Drone.glb" type="PackedScene" id=1]

[sub_resource type="Animation" id=1]
resource_name = "Propeller"
loop = true
tracks/0/type = "value"
tracks/0/path = NodePath("propeller_quad:rotation_degrees")
tracks/0/interp = 1
tracks/0/loop_wrap = true
tracks/0/imported = false
tracks/0/enabled = true
tracks/0/keys = {
"times": PoolRealArray( 0, 1 ),
"transitions": PoolRealArray( 1, 1 ),
"update": 0,
"values": [ Vector3( 0, 0, 0 ), Vector3( 0, 360, 0 ) ]
}
tracks/1/type = "value"
tracks/1/path = NodePath("propeller_quad 2:rotation_degrees")
tracks/1/interp = 1
tracks/1/loop_wrap = true
tracks/1/imported = false
tracks/1/enabled = true
tracks/1/keys = {
"times": PoolRealArray( 0, 1 ),
"transitions": PoolRealArray( 1, 1 ),
"update": 0,
"values": [ Vector3( 0, 0, 0 ), Vector3( 0, 360, 0 ) ]
}
tracks/2/type = "value"
tracks/2/path = NodePath("propeller_quad 3:rotation_degrees")
tracks/2/interp = 1
tracks/2/loop_wrap = true
tracks/2/imported = false
tracks/2/enabled = true
tracks/2/keys = {
"times": PoolRealArray( 0, 1 ),
"transitions": PoolRealArray( 1, 1 ),
"update": 0,
"values": [ Vector3( 0, 0, 0 ), Vector3( 0, 360, 0 ) ]
}
tracks/3/type = "value"
tracks/3/path = NodePath("propeller_quad 4:rotation_degrees")
tracks/3/interp = 1
tracks/3/loop_wrap = true
tracks/3/imported = false
tracks/3/enabled = true
tracks/3/keys = {
"times": PoolRealArray( 0, 1 ),
"transitions": PoolRealArray( 1, 1 ),
"update": 0,
"values": [ Vector3( 0, 0, 0 ), Vector3( 0, 360, 0 ) ]
}

[node name="DroneBody" instance=ExtResource( 1 )]

[node name="propeller_quad" parent="." index="0"]
transform = Transform( 0.644024, 0, 0.765005, 0, 1, 0, -0.765005, 0, 0.644024, 1, -2.38419e-07, -1 )

[node name="propeller_quad 2" parent="." index="1"]
transform = Transform( 0.644024, 0, 0.765005, 0, 1, 0, -0.765005, 0, 0.644024, -1, 2.38419e-07, -1 )

[node name="propeller_quad 3" parent="." index="2"]
transform = Transform( 0.644024, 0, 0.765005, 0, 1, 0, -0.765005, 0, 0.644024, 1, -2.38419e-07, 1 )

[node name="propeller_quad 4" parent="." index="3"]
transform = Transform( 0.644024, 0, 0.765005, 0, 1, 0, -0.765005, 0, 0.644024, -1, 2.38419e-07, 1 )

[node name="AnimationPlayer" type="AnimationPlayer" parent="." index="18"]
autoplay = "Propeller"
anims/Propeller = SubResource( 1 )
